[0, 0]-36
[0, 1]-32
[0, 2]-38
[0, 3]-64
[0, 4]-9
[0, 5]-62
[0, 6]-56
[0, 7]-41
[0, 8]-56
[1, 0]-24
[1, 1]-65
[1, 2]-27
[1, 3]-27
[1, 4]-85
[1, 5]-83
[1, 6]-6
[1, 7]-38
[1, 8]-82
[2, 0]-72
[2, 1]-42
[2, 2]-17
[2, 3]-15
[2, 4]-79
[2, 5]-11
[2, 6]-10
[2, 7]-47
[2, 8]-39
[3, 0]-53
[3, 1]-86
[3, 2]-33
[3, 3]-13
[3, 4]-15
[3, 5]-59
[3, 6]-16
[3, 7]-39
[3, 8]-38
[4, 0]-15
[4, 1]-54
[4, 2]-58
[4, 3]-84
[4, 4]-47
[4, 5]-78
[4, 6]-68
[4, 7]-69
[4, 8]-25
[5, 0]-52
[5, 1]-36
[5, 2]-35
[5, 3]-40
[5, 4]-65
[5, 5]-40
[5, 6]-83
[5, 7]-50
[5, 8]-23
[6, 0]-27
[6, 1]-59
[6, 2]-42
[6, 3]-42
[6, 4]-63
[6, 5]-51
[6, 6]-5
[6, 7]-90
[6, 8]-83
[7, 0]-36
[7, 1]-53
[7, 2]-63
[7, 3]-77
[7, 4]-78
[7, 5]-50
[7, 6]-86
[7, 7]-24
[7, 8]-33
[8, 0]-70
[8, 1]-32
[8, 2]-71
[8, 3]-18
[8, 4]-29
[8, 5]-73
[8, 6]-40
[8, 7]-80
[8, 8]-78

